2003043
2003114
2003176
2003214
2003226
2003256
2003347
2004105
2004150
2004190
2004201
2004306
2004317
2004330
2005076
2005085
2005099
2005130
2005193
2005239
2005241
2005242
2006004
2006079
2006140
2006229
2007072
2007076
2007128
2007222
2007260
2007268
2007281
2008033
2008076
2008095
2008201
2008215
2008218
2008237
2009131
2009134
2009160
2009164
2009250
2009274
2009279
2009315
2009319
2009331
2010035
2010075
2010088
2010110
2010126
2010185
2010214
2010322
2011040
2011043
2011064
2011095
2011164
2011295
2011339
2011351
2012180
2012299
2012307
2012324
2013031
2013124
2013155
2013211
2013235
2013263
2014058
2014122
2014161
2014218
2014286
2014309
2015057
2015090
2015111
2015122
2015143
2015159
2015192
2015308
2015315
2016115
2016164
2016247
2016278
2016294
2016323
2017119
2017205
2017213
2017214
2017249
2017280
2018040
2018136
2018156
2018200
2018266
2018286
2018332
2019085
